# Frame list with one line of data per frame:
#   FRAME_ID, RIG_ID, RIG_FROM_WORLD[QW, QX, QY, QZ, TX, TY, TZ], NUM_DATA_IDS, DATA_IDS[] as (SENSOR_TYPE, SENSOR_ID, DATA_ID)
# Number of frames: 100
1 1 0.57682480124184476 -0.15474649304571206 -0.41379775757716564 -0.68709394363978293 -0.14216770879076057 -1.4455668102315227 2.0430026790379596 1 CAMERA 1 1
2 1 0.12799411907003805 -0.038214491278547168 0.65243982750071616 0.7459754886258948 0.54965509574751092 -2.3672926387321369 3.1255679320298477 1 CAMERA 1 2
3 1 -0.2373091950157811 0.15696425032867656 0.70061456777994613 0.65435907382280423 0.25001955211975568 -2.4722147880978427 3.2369429328510408 1 CAMERA 1 3
4 1 0.51275015407766722 -0.22286807451203625 -0.52559494804269813 -0.64122309023351587 -0.089547243268141161 -2.0415016440839544 2.5510988468210671 1 CAMERA 1 4
5 1 0.65051656003319724 -0.22838867045124073 0.42753895356148214 0.58470271379534655 0.31751880471591165 -2.5045577356899567 3.3249908451059262 1 CAMERA 1 5
6 1 -0.41258257858148262 0.22521587167868853 0.61190844220878693 0.63609864435375041 0.030403483524197288 -2.3061602652651496 2.9077161487275673 1 CAMERA 1 6
7 1 -0.051266711497673333 0.035599427290571042 0.55474832222949511 0.82967385402479565 0.44800360656053467 -1.8398336243770446 2.3955499447540989 1 CAMERA 1 7
8 1 0.83003820632169945 -0.52979560582120655 -0.14302961138105463 -0.099477245473431078 -0.55832493965307062 -2.6517637664881946 4.0603540238365952 1 CAMERA 1 8
9 1 0.074825768947713728 -0.0033450633510675129 0.55703652395078374 0.82710351579314956 0.52331880894509963 -1.943376446727477 2.5155442574752711 1 CAMERA 1 9
10 1 0.7085828271541752 -0.34207763914927042 -0.4215243755042109 -0.45078871626521771 -0.39780366115913035 -2.2851203347405118 2.924571634656318 1 CAMERA 1 10
11 1 0.60299942701278286 -0.35760308337669128 -0.52455185451975783 -0.48307046867058828 -0.28424637179078632 -2.4645608636772938 3.2213487717179552 1 CAMERA 1 11
12 1 0.74412714389524692 0.070618476515517795 0.12665099918764985 0.65210992087047703 0.23712750135717114 -0.8738380339462728 1.7812499899656438 1 CAMERA 1 12
13 1 0.6532216520148173 0.080749520883746595 0.12958374466385586 0.74161246034230777 0.35906241337020195 -0.67669089347539035 1.7369656984186164 1 CAMERA 1 13
14 1 0.63434846552948521 0.049658443212075694 -0.15705432306265574 -0.75529464641653044 -0.19929850456479528 0.29799344053527876 1.6511513560789799 1 CAMERA 1 14
15 1 0.85568647301459966 -0.24278237796611024 -0.25610647948503623 -0.3785060739469534 -0.52340658934280182 -1.8044960531062411 2.3776766493866335 1 CAMERA 1 15
16 1 0.44355125560725056 -0.20795463173371934 0.59558856449772746 0.63662502042353075 0.50690527186290812 -2.6014551290880505 3.718815361478057 1 CAMERA 1 16
17 1 0.50060727683175277 0.01803550664765512 0.23682162541037971 0.83245576015848743 0.4989159046238979 -1.0131773787768741 1.8724779426185454 1 CAMERA 1 17
18 1 -0.21312160834105018 0.072417718899044192 0.50414279852395261 0.83377148712583149 0.31228081014909048 -1.5498394348094873 2.1311044042290037 1 CAMERA 1 18
19 1 0.87840058216375738 -0.4754011021079983 0.018769588662457082 0.045320104923917803 -0.45851629543925571 -2.6524763976130661 3.9254324576065098 1 CAMERA 1 19
20 1 0.91261023104628469 -0.34459665111621163 -0.14673345545701888 -0.16390548275997996 -0.5683193040725425 -2.279032427262103 2.9691199190386559 1 CAMERA 1 20
21 1 0.50401020087323123 -0.19932037736935659 -0.50928709440436426 -0.66848467450961269 -0.066548151121913646 -1.9085396530369245 2.410525680016177 1 CAMERA 1 21
22 1 -0.19362037912647229 0.11385057542335193 0.66165147347300379 0.71537858712271774 0.31005136935933941 -2.299225191016077 2.9261643985468813 1 CAMERA 1 22
23 1 0.81970110058655798 -0.45672078169288666 0.23704802716594919 0.25160378789627896 -0.18039353977928224 -2.7161721888717754 4.2180294561398215 1 CAMERA 1 23
24 1 -0.30890986155264527 0.10344429873932123 0.50829925210587168 0.79718620459869183 0.20498624217265635 -1.6065047992379786 2.1681939411027296 1 CAMERA 1 24
25 1 0.74211924904489401 -0.4627038071630401 0.35643854289682131 0.32880962907351408 -0.0091573205501110887 -2.7191218186207777 4.5313299480615026 1 CAMERA 1 25
26 1 0.84131054334566724 -0.44850946784485962 -0.2238366020458506 -0.20231906112254133 -0.56637453500173196 -2.5245011424951889 3.4933892065785122 1 CAMERA 1 26
27 1 0.62633130019054573 -0.20287022606603894 -0.42496748359035919 -0.62125309791453964 -0.22541723446485501 -1.7101326031934527 2.2414992910715115 1 CAMERA 1 27
28 1 0.72557924335078261 -0.15147116686299558 -0.32316223214230982 -0.58835144169490106 -0.3381031170222078 -1.2972385013925161 1.978720789142369 1 CAMERA 1 28
29 1 -0.4371340948718459 0.033230907182979393 0.29755015692917691 0.84809987266818432 0.067509918501083621 -0.4231089540214385 1.6568291786524352 1 CAMERA 1 29
30 1 0.65553611043243398 -0.26594826013956385 -0.44283464633918906 -0.55085515959233777 -0.29422015757261255 -2.0231283413012071 2.5530959141403518 1 CAMERA 1 30
31 1 0.56230601009117354 -0.35125932532187609 -0.56018243002267776 -0.49661301078772946 -0.2311339041233671 -2.5043355964456131 3.3010315294099866 1 CAMERA 1 31
32 1 0.79286418101191114 -0.010713617513601947 0.1767437985602055 0.58310654132722017 0.16082838158305621 -1.4210163047656641 2.0324898911774683 1 CAMERA 1 32
33 1 0.81633915122141842 -0.42467448570957711 0.26263474184776892 0.29028428091261893 -0.12723575357059058 -2.7091672620857099 4.0805096063700832 1 CAMERA 1 33
34 1 -0.24445518399067731 0.16358442933170345 0.7039872980766364 0.64643923275669302 0.24014533543063957 -2.4889578249240665 3.2740407681496055 1 CAMERA 1 34
35 1 0.75323058581703783 -0.058923864852144819 0.23396228584727324 0.61190956157076593 0.22022975141660509 -1.6985641585970079 2.2314122168327986 1 CAMERA 1 35
36 1 -0.36999149638803269 -0.018598589723970892 0.1840967852997859 0.91042229690573184 0.14804504593431136 0.29944395515662564 1.6477696680961051 1 CAMERA 1 36
37 1 -0.056803109609341838 0.039153929093713603 0.57823515422094451 0.81294801986247212 0.44318505786633261 -1.945914711562182 2.4996538331881371 1 CAMERA 1 37
38 1 0.85398840080238148 -0.13280240006348856 0.20823352344026169 0.45793682266009383 0.0096866232626073231 -2.0177808576112541 2.5188366619698801 1 CAMERA 1 38
39 1 0.47370002499644193 -0.11606048673109033 0.45785063329442321 0.74331086856712147 0.51265361199726034 -2.1491402116120435 2.75847290306608 1 CAMERA 1 39
40 1 0.90741037154284687 -0.25289827343295923 -0.1922886056702881 -0.27508902748106329 -0.5631123220332569 -1.8971041751956794 2.4783517100774151 1 CAMERA 1 40
41 1 0.94289105830530162 -0.14377108264870073 -0.14339940192811582 -0.26405101682930049 -0.56730307203869457 -1.4342071092667066 2.1059617504209647 1 CAMERA 1 41
42 1 -0.24771586011827251 0.11513311147762426 0.59518631288744595 0.75573439265312825 0.26201433269807284 -2.0258821144327843 2.5508208999578379 1 CAMERA 1 42
43 1 0.68791802653790524 -0.026010453126586966 -0.23275711123972251 -0.68696169635554138 -0.27044757588339263 -0.37893455354603151 1.665596518668232 1 CAMERA 1 43
44 1 0.520403754764308 -0.17591372283025994 0.49405541436826389 0.67390172998784603 0.46657598115123555 -2.4190075570168244 3.1843192662481083 1 CAMERA 1 44
45 1 0.64365825931602028 -0.081703535629129881 -0.30513063247626915 -0.69708240158865176 -0.21134216040070097 -0.81575149934379509 1.7596044199634657 1 CAMERA 1 45
46 1 -0.17175281549012592 0.025485217267984611 0.32126535149996038 0.93093503962286517 0.35629982097708818 -0.54159532299104718 1.7048209700094694 1 CAMERA 1 46
47 1 -0.099045873770559539 0.060872749545399826 0.62711728102988851 0.77020019416090069 0.40729449571006271 -2.1475091884586996 2.7241023063949785 1 CAMERA 1 47
48 1 0.13727871873891248 0.037875881669062743 0.15251682244104198 0.97798700903523339 0.54822228631333214 0.084861126215368288 1.6840919557035077 1 CAMERA 1 48
49 1 0.73287180380769457 -0.42648874831809613 -0.39413140149130449 -0.35449500010609469 -0.47520600034946697 -2.507760152979492 3.3953123642640857 1 CAMERA 1 49
50 1 -0.045897733496901051 0.031963806962730323 0.52106424191977196 0.8516829039594902 0.4514734348986672 -1.6809677368152918 2.2614946858306046 1 CAMERA 1 50
51 1 0.99942258427000275 -0.0132775060983893 -0.025606271106001215 -0.017958974439609966 -0.50089073328885503 -1.0877400570166578 1.9040297012743779 1 CAMERA 1 51
52 1 -0.10903474904017321 0.075615005085095804 0.68251779727693751 0.7187233479635714 0.39404523066706276 -2.3643852095476285 3.0593710826316358 1 CAMERA 1 52
53 1 0.41531387711678497 -0.24259608732864807 0.65509108134643801 0.58268104227562556 0.51134198356243865 -2.6723753920764857 4.1913259077591185 1 CAMERA 1 53
54 1 0.99110438929095834 -0.12929134556833133 -0.02769974039294313 -0.015118262846320512 -0.50065498445307599 -1.6232029254341036 2.2184612048212267 1 CAMERA 1 54
55 1 0.84577600218378579 -0.11041203402631475 0.20368878312069053 0.48060692515089393 0.04284857235806469 -1.923247536537865 2.4206757313699967 1 CAMERA 1 55
56 1 0.90294768234669964 -0.30847987187954945 0.16040193793793572 0.25258042262941677 -0.2316542980910386 -2.4829877459134146 3.2501279565864127 1 CAMERA 1 56
57 1 0.61219630701762484 0.10255387491056063 0.10518090106890146 0.77693974184948533 0.39868316753702554 -0.42696595021815731 1.6894528400662023 1 CAMERA 1 57
58 1 0.97060756414930027 -0.19956874155959017 0.047283871561048116 0.12592660282355694 -0.39333315854697692 -2.0363377827618763 2.581952566632749 1 CAMERA 1 58
59 1 0.9889846585234795 -0.067613354642596185 -0.062926432900362192 -0.11566349260508831 -0.54827190727809416 -1.2383372231150542 1.9870729467647019 1 CAMERA 1 59
60 1 -0.36945872973176896 0.12497428706641357 0.50599691863379304 0.76931709517619329 0.1304993259722122 -1.646469891093302 2.193162017132817 1 CAMERA 1 60
61 1 -0.34913888009150468 0.16707168838561104 0.59505045652925492 0.70434653937728464 0.13346230435605907 -2.1145130043025753 2.6429176837714654 1 CAMERA 1 61
62 1 0.86425588629748373 -0.48409052662646401 0.084710081533859852 0.10743522288891318 -0.39041408900313024 -2.6843431085614191 4.0879125510017271 1 CAMERA 1 62
63 1 0.93830913191838083 -0.30282774375313765 -0.10892265076626578 -0.12651951123051663 -0.55794932232859551 -2.1748655826294137 2.8052237152920196 1 CAMERA 1 63
64 1 0.2751781243025464 -0.13306362544798178 0.67755042988061653 0.66895178186216342 0.57147567275246558 -2.5807868426818712 3.6946470246025784 1 CAMERA 1 64
65 1 0.7316118893077237 -0.2324044496394333 0.35800429581841514 0.53156856508538552 0.20170357623906501 -2.4641516145653286 3.2039909667577571 1 CAMERA 1 65
66 1 0.92477640888044799 -0.37814433718606838 0.0085817086959444275 0.041494675660251591 -0.4611926225780944 -2.4957514230968449 3.3592877898242675 1 CAMERA 1 66
67 1 -0.20151966308284874 0.089326317654886314 0.5767977595621312 0.78658437495878308 0.3170037358759259 -1.9187777975009046 2.4486980456133467 1 CAMERA 1 67
68 1 -0.45885681211258778 0.1020458855825248 0.41118283227475294 0.78100303562538342 0.027356081516576577 -1.1788159316652582 1.8918639142068787 1 CAMERA 1 68
69 1 0.54869574523935194 -0.33417613108173394 -0.56655949075012157 -0.5160132130211772 -0.20268063977904932 -2.4738056053023403 3.2287541306591274 1 CAMERA 1 69
70 1 0.83468361718736839 -0.4912736133490912 -0.1940355865780081 -0.15589639882712691 -0.56652950456219431 -2.6028104421085412 3.7766924315468375 1 CAMERA 1 70
71 1 -0.43811395875269377 0.061370851065432976 0.34989994069983865 0.82574803014224429 0.061372889736528505 -0.75920929295704487 1.7331547141832142 1 CAMERA 1 71
72 1 0.99744770124639803 0.055681463096143385 -0.0095672604897597963 0.043659196883020633 -0.45901799002816218 -0.80846855830687225 1.7872383903050095 1 CAMERA 1 72
73 1 0.58664271880028218 -0.26843102819234171 -0.50065474292331236 -0.57718275439466082 -0.20662600235385029 -2.1426814762190096 2.6845915194068373 1 CAMERA 1 73
74 1 0.72559610037453071 -0.0031090318439082709 0.19836256411576295 0.65890281999676359 0.27224970501563456 -1.3498881547526913 2.0025813842840954 1 CAMERA 1 74
75 1 0.49451827422425321 -0.29255208515866427 0.60895635798880743 0.54684285493420459 0.44315296637887897 -2.6884881068469677 4.2855745203305302 1 CAMERA 1 75
76 1 0.96790805095902166 -0.24839599985998481 0.00019164702923455792 0.038123423425534542 -0.46360057763807405 -2.1310963277467208 2.7151129284656954 1 CAMERA 1 76
77 1 0.93358366645225721 -0.034507726683693223 0.10070429298420586 0.34218328408505821 -0.16770832938684443 -1.4938092690932088 2.0777660919497802 1 CAMERA 1 77
78 1 0.57980803450819474 -0.24965266931711039 0.50302940850268851 0.59030297475450766 0.38799190706958031 -2.6034448425611827 3.6446368430855229 1 CAMERA 1 78
79 1 -0.39810856036967196 0.17652915825232615 0.56537830490706487 0.70049582638837082 0.073607120755161667 -2.0238114818093971 2.5430274644522641 1 CAMERA 1 79
80 1 0.96053000685995915 -0.13166856454958331 0.086156324315430799 0.22939612640913015 -0.29155958964077638 -1.8580232676719064 2.3781305197843956 1 CAMERA 1 80
81 1 -0.061839506362375139 0.020335233328330305 0.31055242057895804 0.94832460044590761 0.44726051791701577 -0.5531158478504945 1.7231253318559956 1 CAMERA 1 81
82 1 0.51420842922143772 -0.039055495773151108 0.32283344853531115 0.79362643861853166 0.49161045525459912 -1.5439452840141406 2.1623793220009806 1 CAMERA 1 82
83 1 -0.41128224035883687 0.091493788655990033 0.41731920458335087 0.80518351131199162 0.089174779557096018 -1.158572943268811 1.8835474360963846 1 CAMERA 1 83
84 1 0.59319582891578826 -0.23750711279861772 0.48309455388874839 0.59860565644671848 0.38019153262195038 -2.5660697953005447 3.5141692376197438 1 CAMERA 1 84
85 1 0.89065949913141185 -0.39807423603567693 0.12981977150557977 0.17722693400788039 -0.31480825008803343 -2.62012217472626 3.6692728711365867 1 CAMERA 1 85
86 1 0.87429374057715115 -0.2208266696114789 0.21086910245482871 0.37733308734566456 -0.078413802893505968 -2.3115860054185928 2.9064266833468611 1 CAMERA 1 86
87 1 -0.22714166755732462 0.12116014442114914 0.63498922432678073 0.72836499589971893 0.27801912296932457 -2.2005159065776105 2.7724254980450169 1 CAMERA 1 87
88 1 0.59272594687517832 -0.29381944262017989 -0.5097924337088352 -0.54996160008905448 -0.22878502840414425 -2.2497966355237695 2.8329050423248767 1 CAMERA 1 88
89 1 0.060261879428193443 -0.0085050004586526527 0.68054585194203931 0.73017361925740942 0.51736275703724288 -2.4101970222563747 3.1963026050101577 1 CAMERA 1 89
90 1 -0.38066503224408998 0.14347552800433991 0.52957716143264189 0.74435000918884087 0.10986010969920428 -1.7948777015219264 2.3191827162976391 1 CAMERA 1 90
91 1 -0.16286062334707249 0.11502115212067018 0.71579857448865536 0.66923759061176891 0.33491053393701053 -2.4868904451117784 3.2922669629396299 1 CAMERA 1 91
92 1 0.30244188396584887 -0.055239795849702046 0.47343184530570415 0.8254330739848672 0.57346728044549522 -1.8738248090781828 2.4530009065488882 1 CAMERA 1 92
93 1 0.86964887000781399 -0.48888613755447097 0.034328848400309676 0.059352485783762468 -0.44372426910104057 -2.6699475674050444 4.0310780810997393 1 CAMERA 1 93
94 1 0.83900534001261184 -0.47434648912473265 -0.20386177909324796 -0.17177259010184739 -0.56718917068729202 -2.5752506160942898 3.6635181484713297 1 CAMERA 1 94
95 1 -0.16086123853136725 0.10989936290553391 0.70356813954851583 0.68340154007973419 0.3381786544837363 -2.4460540234935504 3.2025913780490938 1 CAMERA 1 95
96 1 0.8499428350285998 -0.3078659458351336 -0.26545570084669928 -0.33518503466976679 -0.53630917193223615 -2.0880330086303025 2.6845312332237281 1 CAMERA 1 96
97 1 0.77006004901266711 0.057916689792870055 0.1312641379720943 0.6216292335793806 0.19765534115263619 -0.98300561544844223 1.8182486564805429 1 CAMERA 1 97
98 1 0.11117881907107471 0.02887175719828532 0.19868510596273864 0.97330874880215668 0.54069481996028401 -0.13085036057844499 1.6851900625302985 1 CAMERA 1 98
99 1 0.79577972190009294 -0.48686879306477904 -0.27873164230343905 -0.22803965473374119 -0.554441212614321 -2.5937550084901408 3.725032265479892 1 CAMERA 1 99
100 1 0.78909685282028308 -0.17864701872942132 0.28291119097193107 0.51514333693745662 0.12844845967218776 -2.2447578124273022 2.8099460426572573 1 CAMERA 1 100
